bombo = (
[36, 37, 38],
[94,84,96,82,96],
[2,4,4,8],
[0.4,0.8,0.4,0.8],compas
    )

caja = (
[39, 40, 41],
[96,100,78,100],
[1,2,1,8],
[0.9,0.9,0.9,0.5],compas
    )

tom = (
[42, 43, 44],
[96,84,78,70],
[4,2,4,2],
[0.3,0.4,0.5,0.6],compas
    )

hihat = (
[45, 46, 47, 48, 49],
[96,84,78],
[1,1,4,4,2],
[0.9,0.5,0.9],compas
    )

varios = (
[51, 50],
[84,120],
[0.25,8],
[0.9],compas
    )

    ###############################

bombo = (
[36],
[120,0],
[4],
[0.4,1,0.6],compas
    )

caja = (
[39,39,39,40],
[0,100],
[4],
[1,0.1,0.5],compas
    )

tom = (
[42, 43, 44],
[24,36,48,60,72],
[4,8,4,8],
[0],compas
    )

hihat = (
[45, 46, 47, 48, 49],
[24,48],
[8,16,16],
[0],compas
    )

varios = (
[51, 50],
[30,40,20],
[16,8,16],
[0.6,0.2,0.9,0.6],compas
    )